Julia 55 33 33 -1.0 -1.0 1.0 1.0 -0.62772 0.42193

  1   1   1   1   1   1   1   1   1   1   1   2   2   2   2   2   1   1   1   1   1   1   1   1   1   0   0   0   0   0   0   0   0 
  1   1   1   1   1   1   1   2   2   2   2   2   2   3   3   3   2   2   2   1   1   1   1   1   1   1   1   1   0   0   0   0   0 
  1   1   1   1   1   2   2   2   2   2   2   3   3   4  55   7   3   3   2   2   2   1   1   1   1   1   1   1   1   1   0   0   0 
  1   1   2   2   2   2   2   2   2   2   3   3   4   6  16  17   5   3   3   2   2   2   2   1   1   1   1   1   1   1   1   1   0 
  2   2   2   2   2   2   2   3   3   3   4   4   6  55  28  22   7   4   3   2   2   2   2   2   1   1   1   1   1   1   1   1   1 
  3   3   3   3   3   3   3   4   5   5   5   5  13  55  55  55  55   7   6   3   2   2   2   2   2   1   1   1   1   1   1   1   1 
  5   4   3   3   4   4   4   7  55  55   8   7  11  22  55  55  55  55  55   4   3   2   2   2   2   2   1   1   1   1   1   1   1 
 55  55   6   5   4   5   6   8  55  52  19  12  55  55  55  24  55  15  55   4   4   3   3   2   2   2   2   2   1   1   1   1   1 
 55  14   8   6   6  15  55  11  55  55  43  20  55  55  55  55  12   9   7   5   4   3   3   3   2   2   2   2   2   1   1   1   1 
 55  55  10  55   9  14  55  54  55  55  55  55  55  55  55  55  27   8   6   5   4   4   3   3   3   3   3   2   2   2   1   1   1 
 55  34  19  55  18  17  55  55  55  55  55  55  55  55  55  24  15   8   7   5   5   4   4   3   3   3   3   3   3   2   2   2   1 
 43  55  55  55  55  55  37  55  55  55  55  55  55  55  39  15  11   9   8   7   6   5   6   5   4   4   4   4   5   4   3   2   2 
 55  55  55  55  55  55  55  55  55  55  55  55  55  30  21  17  14  55  55  10   7   7  55  17   7   5   6  55  55  55   4   3   2 
 55  55  55  55  55  55  55  55  55  55  55  53  55  55  55  55  55  55  55  55  12  10  50  49  21   8   9  55  55  16   5   3   3 
 16  34  55  27  21  55  55  55  55  55  55  55  55  55  55  55  55  55  55  22  14  18  55  55  55  12  55  55  44  55  55   4   3 
  7   7   9  11  18  55  55  55  55  55  42  55  55  55  55  55  55  55  55  55  30  19  55  55  55  29  55  55  55  13  10   5   4 
  4   5   7  11  55  55  55  35  55  55  51  54  55  55  55  55  55  55  55  55  55  54  51  55  55  35  55  55  55  11   7   5   4 
  4   5  10  13  55  55  55  29  55  55  55  19  30  55  55  55  55  55  55  55  55  55  42  55  55  55  55  55  18  11   9   7   7 
  3   4  55  55  44  55  55  12  55  55  55  18  14  22  55  55  55  55  55  55  55  55  55  55  55  55  55  55  21  27  55  34  16 
  3   3   5  16  55  55   9   8  21  49  50  10  12  55  55  55  55  55  55  55  55  53  55  55  55  55  55  55  55  55  55  55  55 
  2   3   4  55  55  55   6   5   7  17  55   7   7  10  55  55  14  17  21  30  55  55  55  55  55  55  55  55  55  55  55  55  55 
  2   2   3   4   5   4   4   4   4   5   6   5   6   7   8   9  11  15  39  55  55  55  55  55  55  55  37  55  55  55  55  55  43 
  1   2   2   2   3   3   3   3   3   3   4   4   5   5   7   8  15  24  55  55  55  55  55  55  55  55  55  17  18  55  19  34  55 
  1   1   1   2   2   2   3   3   3   3   3   4   4   5   6   8  27  55  55  55  55  55  55  55  55  54  55  14   9  55  10  55  55 
  1   1   1   1   2   2   2   2   2   3   3   3   4   5   7   9  12  55  55  55  55  20  43  55  55  11  55  15   6   6   8  14  55 
  1   1   1   1   1   2   2   2   2   2   3   3   4   4  55  15  55  24  55  55  55  12  19  52  55   8   6   5   4   5   6  55  55 
  1   1   1   1   1   1   1   2   2   2   2   2   3   4  55  55  55  55  55  22  11   7   8  55  55   7   4   4   4   3   3   4   5 
  1   1   1   1   1   1   1   1   2   2   2   2   2   3   6   7  55  55  55  55  13   5   5   5   5   4   3   3   3   3   3   3   3 
  1   1   1   1   1   1   1   1   1   2   2   2   2   2   3   4   7  22  28  55   6   4   4   3   3   3   2   2   2   2   2   2   2 
  0   1   1   1   1   1   1   1   1   1   2   2   2   2   3   3   5  17  16   6   4   3   3   2   2   2   2   2   2   2   2   1   1 
  0   0   0   1   1   1   1   1   1   1   1   1   2   2   2   3   3   7  55   4   3   3   2   2   2   2   2   2   1   1   1   1   1 
  0   0   0   0   0   1   1   1   1   1   1   1   1   1   2   2   2   3   3   3   2   2   2   2   2   2   1   1   1   1   1   1   1 
  0   0   0   0   0   0   0   0   1   1   1   1   1   1   1   1   1   2   2   2   2   2   1   1   1   1   1   1   1   1   1   1   1 
