Mandelbrot 40 15 15 -2.0 -2.0 2.0 2.0

  0   0   0   0   0   0   0   1   0   0   0   0   0   0   0 
  0   0   0   0   1   1   1   1   1   1   1   0   0   0   0 
  0   0   0   1   1   1   1   1   1   1   1   1   0   0   0 
  0   0   1   2   2   2   3   3   1   1   1   1   1   0   0 
  0   1   2   2   3   3  11  15   3   2   1   1   1   1   0 
  0   2   2   3   4  33  40  40  40   2   1   1   1   1   0 
  0   3   4  29   9  40  40  40  40   3   2   1   1   1   0 
 14  40  40  40  40  40  40  40  14   3   2   1   1   1   1 
  0   3   4  29   9  40  40  40  40   3   2   1   1   1   0 
  0   2   2   3   4  33  40  40  40   2   1   1   1   1   0 
  0   1   2   2   3   3  11  15   3   2   1   1   1   1   0 
  0   0   1   2   2   2   3   3   1   1   1   1   1   0   0 
  0   0   0   1   1   1   1   1   1   1   1   1   0   0   0 
  0   0   0   0   1   1   1   1   1   1   1   0   0   0   0 
  0   0   0   0   0   0   0   1   0   0   0   0   0   0   0 
