Julia 40 15 15 -2.0 -2.0 2.0 2.0 -0.62772 0.42193

  0   0   0   0   0   0   0   0   0   0   0   0   0   0   0 
  0   0   0   0   0   0   0   0   0   0   0   0   0   0   0 
  0   0   0   0   0   0   0   0   0   0   0   0   0   0   0 
  0   0   0   0   1   1   1   1   0   0   0   0   0   0   0 
  0   0   0   1   1   2   3   4   2   1   1   0   0   0   0 
  0   0   1   3   5   7  40  40   3   2   1   1   0   0   0 
  0   0   6  40  40  40  40  12   6   5   4   1   1   0   0 
  0   0   1   4   8  40  40  40  40  40   8   4   1   0   0 
  0   0   1   1   4   5   6  12  40  40  40  40   6   0   0 
  0   0   0   1   1   2   3  40  40   7   5   3   1   0   0 
  0   0   0   0   1   1   2   4   3   2   1   1   0   0   0 
  0   0   0   0   0   0   0   1   1   1   1   0   0   0   0 
  0   0   0   0   0   0   0   0   0   0   0   0   0   0   0 
  0   0   0   0   0   0   0   0   0   0   0   0   0   0   0 
  0   0   0   0   0   0   0   0   0   0   0   0   0   0   0 
  0   0   0   0   0   0   0   0   0   0   0   0   0   0   0 
